4294967278,29
4294967278,28
4294967278,38
4294967278,37
4294967278,36
4294967278,35
4294967278,34
4294967278,33
4294967278,32
4294967278,31
4294967278,30
4294967278,237
4294967278,236
4294967278,235
4294967278,233
4294967278,231
4294967278,229
4294967278,58
4294967278,57
4294967278,56
4294967278,55
4294967278,54
4294967278,53
4294967278,52
4294967278,51
4294967278,50
4294967278,49
4294967278,48
4294967278,47
4294967278,46
4294967278,45
4294967278,44
4294967278,43
4294967278,42
4294967278,41
4294967278,40
4294967278,39
4294967279,79
4294967279,77
4294967279,75
4294967279,74
4294967279,72
4294967279,71
4294967279,69
4294967278,227
4294967278,225
4294967278,223
4294967278,220
4294967278,219
4294967278,216
4294967278,132
4294967278,131
4294967278,130
4294967278,129
4294967278,128
4294967278,127
4294967278,126
4294967278,125
4294967278,124
4294967278,123
4294967278,122
4294967278,121
4294967278,120
4294967278,119
4294967278,118
4294967278,117
4294967278,116
4294967278,115
4294967278,114
4294967278,113
4294967278,112
4294967278,111
4294967278,110
4294967278,109
4294967278,108
4294967278,107
4294967278,106
4294967278,105
4294967278,104
4294967278,103
4294967278,101
4294967278,100
4294967278,99
4294967278,95
4294967278,93
4294967278,92
4294967278,91
4294967278,90
4294967278,89
4294967278,83
4294967278,81
4294967278,80
4294967278,79
4294967278,78
4294967278,77
4294967278,76
4294967278,73
4294967278,71
4294967278,70
4294967278,69
4294967278,68
4294967278,67
4294967278,66
4294967278,65
4294967278,64
4294967278,62
4294967278,61
4294967278,60
4294967278,59
4294967279,78
4294967279,73
4294967279,70
4294967279,68
4294967279,67
4294967279,66
4294967279,65
4294967279,64
4294967279,63
4294967279,62
4294967279,61
4294967279,60
4294967279,59
4294967279,58
4294967279,57
4294967279,56
4294967279,55
4294967279,54
4294967279,53
4294967279,52
4294967279,405
4294967279,51
4294967279,48
4294967279,47
4294967279,46
4294967279,45
4294967279,44
4294967279,43
4294967279,42
4294967279,418
4294967279,40
4294967279,39
4294967279,38
4294967279,37
4294967279,36
4294967279,35
4294967279,34
4294967279,33
4294967279,32
4294967279,31
4294967279,29
4294967279,398
4294967279,28
4294967279,26
4294967279,25
4294967279,24
4294967279,23
4294967279,22
4294967279,21
4294967279,20
4294967279,412
4294967279,19
4294967279,411
4294967279,18
4294967279,289
4294967279,17
4294967279,282
4294967279,16
4294967279,410
4294967279,15
4294967279,288
4294967279,14
4294967279,268
4294967279,13
4294967279,396
4294967279,12
4294967279,286
4294967279,11
4294967279,431
4294967279,10
4294967279,430
4294967279,9
4294967279,8
4294967279,7
4294967279,261
4294967279,6
4294967279,275
4294967279,5
4294967279,281
4294967279,4
4294967278,102
4294967278,215
4294967278,213
4294967278,212
4294967294,68
4294967294,11
4294967294,180
4294967294,175
4294967294,183
4294967294,176
4294967294,166
4294967294,398
4294967294,190
4294967294,388
4294967294,394
4294967294,24
4294967294,406
4294967294,403
4294967294,401
4294967294,451
4294967294,599
4294967294,422
4294967294,12
4294967294,13
4294967294,104
4294967294,106
4294967294,160
4294967294,119
4294967294,162
4294967294,1418
4294967294,1420
4294967294,975
4294967294,186
4294967294,426
4294967278,211
4294967278,98
4294967278,315
4294967294,1019
4294967278,97
4294967278,314
4294967278,376
4294967278,96
4294967278,313
4294967278,207
4294967294,36
4294967294,38
4294967294,39
4294967294,41
4294967294,43
4294967294,1422
4294967294,390
4294967294,44
4294967294,115
4294967294,393
4294967294,53
4294967294,989
4294967294,84
4294967294,51
4294967278,94
4294967278,206
4294967278,311
4294967278,205
4294967294,83
4294967278,204
4294967278,200
4294967278,203
50,7
50,6
4294967278,202
50,5
50,4
4294967278,201
50,3
50,2
50,1
4294967294,91
4294967294,90
4294967294,87
4294967294,86
4294967278,375
4294967278,87
4294967294,99
4294967278,374
4294967278,346
4294967278,0
4294967278,86
4294967279,441
4294967278,85
4294967278,305
4294967278,84
4294967278,304
4294967278,196
4294967278,82
4294967278,195
4294967278,303
4294967278,194
4294967278,193
4294967279,191
4294967278,192
4294967278,191
4294967279,440
4294967278,190
4294967294,417
4294967279,439
4294967279,76
4294967294,5
4294967294,81
4294967294,50
4294967278,75
4294967278,301
4294967279,308
4294967278,74
4294967278,187
4294967278,300
4294967279,307
4294967278,186
4294967279,187
4294967294,37
4294967294,990
4294967294,1020
4294967294,1032
4294967278,72
